 0.679012345679012
 0.802469135802469
 0.987654320987654
 0.308641975308642
 0.864197530864197
 0.567901234567901
 0.753086419753086
 0.370370370370370
 0.135802469135802
 0.913580246913580
 1.000000000000000
 0.827160493827161
 0.604938271604938
 0.320987654320988
 0.543209876543210
 0.864197530864197
 0.790123456790123
 0.049382716049383
 0.271604938271605
 0.432098765432099
 0.913580246913580
 0.765432098765432
 0.691358024691358
 0.308641975308642
 0.283950617283951
 0.320987654320988
 0.061728395061728
 0.135802469135802
 0.851851851851852
 0.790123456790123
 0.851851851851852
 0.543209876543210
 0.604938271604938
 0.827160493827161
 0.876543209876543
 0.481481481481481
 0.407407407407407
 0.641975308641975
 0.851851851851852
 0.543209876543210
 0.567901234567901
 0.876543209876543
 0.358024691358025
 0.172839506172839
 0.185185185185185
 0.938271604938272
 0.024691358024691
 0.000000000000000
 0.000000000000000
 0.320987654320988
 0.432098765432099
 0.925925925925926
 0.098765432098765
 0.111111111111111
 0.246913580246914
 0.382716049382716
 0.444444444444444
 0.308641975308642
 0.543209876543210
 0.308641975308642
 0.123456790123457
 0.395061728395062
 0.876543209876543
 0.728395061728395
 0.234567901234568
 0.765432098765432
 0.209876543209877
 0.654320987654321
 0.432098765432099
 0.074074074074074
 0.209876543209877
 1.000000000000000
 0.950617283950617
 0.580246913580247
 0.160493827160494
 0.160493827160494
 0.530864197530864
 0.222222222222222
 0.160493827160494
 0.530864197530864
 0.567901234567901
 0.617283950617284
 0.469135802469136
 0.703703703703704
 0.728395061728395
 0.716049382716049
 0.074074074074074
 0.185185185185185
 0.049382716049383
 0.654320987654321
 0.518518518518518
 0.172839506172839
 0.061728395061728
 0.407407407407407
 0.925925925925926
 0.296296296296296
 0.172839506172839
 0.123456790123457
 0.975308641975309
 0.604938271604938
 0.209876543209877
 0.185185185185185
 0.617283950617284
 0.172839506172839
 0.765432098765432
 0.814814814814815
 0.358024691358025
 0.308641975308642
 0.024691358024691
 0.543209876543210
 0.839506172839506
 0.617283950617284
 0.148148148148148
 0.308641975308642
 0.308641975308642
 0.913580246913580
 0.037037037037037
 0.419753086419753
 0.086419753086420
 0.086419753086420
 0.061728395061728
 0.641975308641975
 0.283950617283951
 0.123456790123457
 0.037037037037037
 0.209876543209877
 0.444444444444444
 0.209876543209877
 0.333333333333333
 0.419753086419753
 0.839506172839506
 0.567901234567901
 0.604938271604938
 0.481481481481481
 0.777777777777778
 0.382716049382716
 0.283950617283951
 0.148148148148148
 0.691358024691358
 0.333333333333333
 0.703703703703704
 0.543209876543210
 0.950617283950617
 0.851851851851852
 0.851851851851852
 0.259259259259259
 0.753086419753086
 0.925925925925926
 0.703703703703704
 0.876543209876543
 0.024691358024691
 0.765432098765432
 0.506172839506173
 0.320987654320988
 0.913580246913580
 0.567901234567901
 0.530864197530864
 0.345679012345679
 0.814814814814815
 0.888888888888889
 0.765432098765432
 0.666666666666667
 0.481481481481481
 0.358024691358025
 0.135802469135802
 0.271604938271605
 0.765432098765432
 0.419753086419753
 0.419753086419753
 0.444444444444444
 0.753086419753086
 0.111111111111111
 1.000000000000000
 0.728395061728395
 1.000000000000000
 0.864197530864197
 0.000000000000000
 0.765432098765432
 0.802469135802469
 0.703703703703704
 0.654320987654321
 0.839506172839506
 0.456790123456790
 0.172839506172839
 0.148148148148148
 0.382716049382716
 0.753086419753086
 0.703703703703704
 0.728395061728395
 0.555555555555556
 0.604938271604938
 0.493827160493827
 0.209876543209877
 0.098765432098765
 0.876543209876543
 0.382716049382716
 0.370370370370370
 0.641975308641975
 0.802469135802469
 0.802469135802469
 0.098765432098765
 0.580246913580247
 0.938271604938272
 0.086419753086420
 0.320987654320988
 0.950617283950617
 0.987654320987654
 0.320987654320988
 0.740740740740741
 0.777777777777778
 0.012345679012346
 0.382716049382716
 0.604938271604938
 0.493827160493827
 0.567901234567901
 0.777777777777778
 0.876543209876543
 0.333333333333333
 0.493827160493827
 0.617283950617284
 0.913580246913580
 0.098765432098765
 0.098765432098765
 0.111111111111111
 0.197530864197531
 0.000000000000000
 0.518518518518518
 0.604938271604938
 0.666666666666667
 0.320987654320988
 0.419753086419753
 0.765432098765432
 0.925925925925926
 0.370370370370370
 0.888888888888889
 0.234567901234568
 0.320987654320988
 0.864197530864197
 0.580246913580247
 0.049382716049383
 0.654320987654321
 0.617283950617284
 0.456790123456790
