242
242
3202

0
15
40
55
80
115
176
211
246
281
296
321
336
351
366
381
406
421
436
451
476
501
526
551
576
601
616
641
656
671
686
701
726
741
756
771
796
821
846
871
896
921
936
961
976
991
1006
1021
1046
1061
1076
1091
1116
1141
1166
1191
1216
1241
1256
1271
1286
1301
1316
1331
1346
1361
1376
1391
1406
1421
1436
1451
1466
1481
1496
1511
1526
1541
1556
1571
1586
1601
1616
1641
1656
1681
1716
1777
1812
1847
1882
1897
1922
1937
1952
1967
1982
2007
2022
2037
2052
2077
2102
2127
2152
2177
2202
2217
2242
2257
2272
2287
2302
2327
2342
2357
2372
2397
2422
2447
2472
2497
2522
2537
2562
2577
2592
2607
2622
2647
2662
2677
2692
2717
2742
2767
2792
2817
2842
2857
2872
2887
2902
2917
2932
2947
2962
2977
2992
3007
3022
3037
3052
3067
3082
3097
3112
3127
3142
3157
3172
3187
3202
3202
3202
3202
3202
3202
3202
3202
3202
3202
3202
3202
3202
3202
3202
3202
3202
3202
3202
3202
3202
3202
3202
3202
3202
3202
3202
3202
3202
3202
3202
3202
3202
3202
3202
3202
3202
3202
3202
3202
3202
3202
3202
3202
3202
3202
3202
3202
3202
3202
3202
3202
3202
3202
3202
3202
3202
3202
3202
3202
3202
3202
3202
3202
3202
3202
3202
3202
3202
3202
3202
3202
3202
3202
3202
3202
3202
3202
3202
3202
3202

0
4
8
9
18
19
25
34
35
41
50
51
57
65
73
1
4
5
6
10
11
14
20
24
26
27
30
36
40
42
43
46
52
56
59
63
67
71
75
79
2
6
7
12
16
22
28
32
38
44
48
54
58
66
74
3
5
7
8
13
15
17
21
23
29
31
33
37
39
45
47
49
53
55
60
62
68
70
76
78
0
1
4
5
8
9
10
14
18
19
20
21
25
26
30
34
35
36
37
41
42
46
50
51
52
53
57
59
61
65
67
69
73
75
77
1
3
4
5
6
7
8
10
11
13
14
15
17
19
20
21
22
23
24
26
27
29
30
31
33
35
36
37
38
39
40
42
43
45
46
47
49
51
52
53
54
55
56
59
60
61
62
63
64
67
68
69
70
71
72
75
76
77
78
79
80
1
2
5
6
7
10
11
12
16
22
23
24
26
27
28
32
38
39
40
42
43
44
48
54
55
56
58
63
64
66
71
72
74
79
80
2
3
5
6
7
12
15
16
17
22
23
24
28
31
32
33
38
39
40
44
47
48
49
54
55
56
58
62
64
66
70
72
74
78
80
0
3
4
5
8
9
13
15
18
19
20
21
25
29
31
34
35
36
37
41
45
47
50
51
52
53
57
60
61
65
68
69
73
76
77
0
4
8
9
18
19
25
34
35
41
50
51
57
65
73
1
4
5
6
10
11
14
20
24
26
27
30
36
40
42
43
46
52
56
59
63
67
71
75
79
1
5
6
10
11
24
26
27
40
42
43
56
63
71
79
2
6
7
12
16
22
28
32
38
44
48
54
58
66
74
3
5
8
13
15
21
29
31
37
45
47
53
60
68
76
1
4
5
10
14
20
26
30
36
42
46
52
59
67
75
3
5
7
8
13
15
17
21
23
29
31
33
37
39
45
47
49
53
55
60
62
68
70
76
78
2
6
7
12
16
22
28
32
38
44
48
54
58
66
74
3
5
7
15
17
23
31
33
39
47
49
55
62
70
78
0
4
8
9
18
19
25
34
35
41
50
51
57
65
73
0
4
5
8
9
18
19
20
21
25
34
35
36
37
41
50
51
52
53
57
61
65
69
73
77
1
4
5
8
10
14
19
20
21
26
30
35
36
37
42
46
51
52
53
59
61
67
69
75
77
3
4
5
8
13
15
19
20
21
29
31
35
36
37
45
47
51
52
53
60
61
68
69
76
77
2
5
6
7
12
16
22
23
24
28
32
38
39
40
44
48
54
55
56
58
64
66
72
74
80
3
5
6
7
15
17
22
23
24
31
33
38
39
40
47
49
54
55
56
62
64
70
72
78
80
1
5
6
7
10
11
22
23
24
26
27
38
39
40
42
43
54
55
56
63
64
71
72
79
80
0
4
8
9
18
19
25
34
35
41
50
51
57
65
73
1
4
5
6
10
11
14
20
24
26
27
30
36
40
42
43
46
52
56
59
63
67
71
75
79
1
5
6
10
11
24
26
27
40
42
43
56
63
71
79
2
6
7
12
16
22
28
32
38
44
48
54
58
66
74
3
5
8
13
15
21
29
31
37
45
47
53
60
68
76
1
4
5
10
14
20
26
30
36
42
46
52
59
67
75
3
5
7
8
13
15
17
21
23
29
31
33
37
39
45
47
49
53
55
60
62
68
70
76
78
2
6
7
12
16
22
28
32
38
44
48
54
58
66
74
3
5
7
15
17
23
31
33
39
47
49
55
62
70
78
0
4
8
9
18
19
25
34
35
41
50
51
57
65
73
0
4
5
8
9
18
19
20
21
25
34
35
36
37
41
50
51
52
53
57
61
65
69
73
77
1
4
5
8
10
14
19
20
21
26
30
35
36
37
42
46
51
52
53
59
61
67
69
75
77
3
4
5
8
13
15
19
20
21
29
31
35
36
37
45
47
51
52
53
60
61
68
69
76
77
2
5
6
7
12
16
22
23
24
28
32
38
39
40
44
48
54
55
56
58
64
66
72
74
80
3
5
6
7
15
17
22
23
24
31
33
38
39
40
47
49
54
55
56
62
64
70
72
78
80
1
5
6
7
10
11
22
23
24
26
27
38
39
40
42
43
54
55
56
63
64
71
72
79
80
0
4
8
9
18
19
25
34
35
41
50
51
57
65
73
1
4
5
6
10
11
14
20
24
26
27
30
36
40
42
43
46
52
56
59
63
67
71
75
79
1
5
6
10
11
24
26
27
40
42
43
56
63
71
79
2
6
7
12
16
22
28
32
38
44
48
54
58
66
74
3
5
8
13
15
21
29
31
37
45
47
53
60
68
76
1
4
5
10
14
20
26
30
36
42
46
52
59
67
75
3
5
7
8
13
15
17
21
23
29
31
33
37
39
45
47
49
53
55
60
62
68
70
76
78
2
6
7
12
16
22
28
32
38
44
48
54
58
66
74
3
5
7
15
17
23
31
33
39
47
49
55
62
70
78
0
4
8
9
18
19
25
34
35
41
50
51
57
65
73
0
4
5
8
9
18
19
20
21
25
34
35
36
37
41
50
51
52
53
57
61
65
69
73
77
1
4
5
8
10
14
19
20
21
26
30
35
36
37
42
46
51
52
53
59
61
67
69
75
77
3
4
5
8
13
15
19
20
21
29
31
35
36
37
45
47
51
52
53
60
61
68
69
76
77
2
5
6
7
12
16
22
23
24
28
32
38
39
40
44
48
54
55
56
58
64
66
72
74
80
3
5
6
7
15
17
22
23
24
31
33
38
39
40
47
49
54
55
56
62
64
70
72
78
80
1
5
6
7
10
11
22
23
24
26
27
38
39
40
42
43
54
55
56
63
64
71
72
79
80
0
4
8
9
18
19
25
34
35
41
50
51
57
65
73
2
6
7
12
16
22
28
32
38
44
48
54
58
66
74
1
4
5
10
14
20
26
30
36
42
46
52
59
67
75
3
5
8
13
15
21
29
31
37
45
47
53
60
68
76
4
5
8
19
20
21
35
36
37
51
52
53
61
69
77
3
5
7
15
17
23
31
33
39
47
49
55
62
70
78
1
5
6
10
11
24
26
27
40
42
43
56
63
71
79
5
6
7
22
23
24
38
39
40
54
55
56
64
72
80
0
4
8
9
18
19
25
34
35
41
50
51
57
65
73
2
6
7
12
16
22
28
32
38
44
48
54
58
66
74
1
4
5
10
14
20
26
30
36
42
46
52
59
67
75
3
5
8
13
15
21
29
31
37
45
47
53
60
68
76
4
5
8
19
20
21
35
36
37
51
52
53
61
69
77
3
5
7
15
17
23
31
33
39
47
49
55
62
70
78
1
5
6
10
11
24
26
27
40
42
43
56
63
71
79
5
6
7
22
23
24
38
39
40
54
55
56
64
72
80
0
4
8
9
18
19
25
34
35
41
50
51
57
65
73
2
6
7
12
16
22
28
32
38
44
48
54
58
66
74
1
4
5
10
14
20
26
30
36
42
46
52
59
67
75
3
5
8
13
15
21
29
31
37
45
47
53
60
68
76
4
5
8
19
20
21
35
36
37
51
52
53
61
69
77
3
5
7
15
17
23
31
33
39
47
49
55
62
70
78
1
5
6
10
11
24
26
27
40
42
43
56
63
71
79
5
6
7
22
23
24
38
39
40
54
55
56
64
72
80
81
85
89
90
99
100
106
115
116
122
131
132
138
146
154
82
85
86
87
91
92
95
101
105
107
108
111
117
121
123
124
127
133
137
140
144
148
152
156
160
83
87
88
93
97
103
109
113
119
125
129
135
139
147
155
84
86
88
89
94
96
98
102
104
110
112
114
118
120
126
128
130
134
136
141
143
149
151
157
159
81
82
85
86
89
90
91
95
99
100
101
102
106
107
111
115
116
117
118
122
123
127
131
132
133
134
138
140
142
146
148
150
154
156
158
82
84
85
86
87
88
89
91
92
94
95
96
98
100
101
102
103
104
105
107
108
110
111
112
114
116
117
118
119
120
121
123
124
126
127
128
130
132
133
134
135
136
137
140
141
142
143
144
145
148
149
150
151
152
153
156
157
158
159
160
161
82
83
86
87
88
91
92
93
97
103
104
105
107
108
109
113
119
120
121
123
124
125
129
135
136
137
139
144
145
147
152
153
155
160
161
83
84
86
87
88
93
96
97
98
103
104
105
109
112
113
114
119
120
121
125
128
129
130
135
136
137
139
143
145
147
151
153
155
159
161
81
84
85
86
89
90
94
96
99
100
101
102
106
110
112
115
116
117
118
122
126
128
131
132
133
134
138
141
142
146
149
150
154
157
158
81
85
89
90
99
100
106
115
116
122
131
132
138
146
154
82
85
86
87
91
92
95
101
105
107
108
111
117
121
123
124
127
133
137
140
144
148
152
156
160
82
86
87
91
92
105
107
108
121
123
124
137
144
152
160
83
87
88
93
97
103
109
113
119
125
129
135
139
147
155
84
86
89
94
96
102
110
112
118
126
128
134
141
149
157
82
85
86
91
95
101
107
111
117
123
127
133
140
148
156
84
86
88
89
94
96
98
102
104
110
112
114
118
120
126
128
130
134
136
141
143
149
151
157
159
83
87
88
93
97
103
109
113
119
125
129
135
139
147
155
84
86
88
96
98
104
112
114
120
128
130
136
143
151
159
81
85
89
90
99
100
106
115
116
122
131
132
138
146
154
81
85
86
89
90
99
100
101
102
106
115
116
117
118
122
131
132
133
134
138
142
146
150
154
158
82
85
86
89
91
95
100
101
102
107
111
116
117
118
123
127
132
133
134
140
142
148
150
156
158
84
85
86
89
94
96
100
101
102
110
112
116
117
118
126
128
132
133
134
141
142
149
150
157
158
83
86
87
88
93
97
103
104
105
109
113
119
120
121
125
129
135
136
137
139
145
147
153
155
161
84
86
87
88
96
98
103
104
105
112
114
119
120
121
128
130
135
136
137
143
145
151
153
159
161
82
86
87
88
91
92
103
104
105
107
108
119
120
121
123
124
135
136
137
144
145
152
153
160
161
81
85
89
90
99
100
106
115
116
122
131
132
138
146
154
82
85
86
87
91
92
95
101
105
107
108
111
117
121
123
124
127
133
137
140
144
148
152
156
160
82
86
87
91
92
105
107
108
121
123
124
137
144
152
160
83
87
88
93
97
103
109
113
119
125
129
135
139
147
155
84
86
89
94
96
102
110
112
118
126
128
134
141
149
157
82
85
86
91
95
101
107
111
117
123
127
133
140
148
156
84
86
88
89
94
96
98
102
104
110
112
114
118
120
126
128
130
134
136
141
143
149
151
157
159
83
87
88
93
97
103
109
113
119
125
129
135
139
147
155
84
86
88
96
98
104
112
114
120
128
130
136
143
151
159
81
85
89
90
99
100
106
115
116
122
131
132
138
146
154
81
85
86
89
90
99
100
101
102
106
115
116
117
118
122
131
132
133
134
138
142
146
150
154
158
82
85
86
89
91
95
100
101
102
107
111
116
117
118
123
127
132
133
134
140
142
148
150
156
158
84
85
86
89
94
96
100
101
102
110
112
116
117
118
126
128
132
133
134
141
142
149
150
157
158
83
86
87
88
93
97
103
104
105
109
113
119
120
121
125
129
135
136
137
139
145
147
153
155
161
84
86
87
88
96
98
103
104
105
112
114
119
120
121
128
130
135
136
137
143
145
151
153
159
161
82
86
87
88
91
92
103
104
105
107
108
119
120
121
123
124
135
136
137
144
145
152
153
160
161
81
85
89
90
99
100
106
115
116
122
131
132
138
146
154
82
85
86
87
91
92
95
101
105
107
108
111
117
121
123
124
127
133
137
140
144
148
152
156
160
82
86
87
91
92
105
107
108
121
123
124
137
144
152
160
83
87
88
93
97
103
109
113
119
125
129
135
139
147
155
84
86
89
94
96
102
110
112
118
126
128
134
141
149
157
82
85
86
91
95
101
107
111
117
123
127
133
140
148
156
84
86
88
89
94
96
98
102
104
110
112
114
118
120
126
128
130
134
136
141
143
149
151
157
159
83
87
88
93
97
103
109
113
119
125
129
135
139
147
155
84
86
88
96
98
104
112
114
120
128
130
136
143
151
159
81
85
89
90
99
100
106
115
116
122
131
132
138
146
154
81
85
86
89
90
99
100
101
102
106
115
116
117
118
122
131
132
133
134
138
142
146
150
154
158
82
85
86
89
91
95
100
101
102
107
111
116
117
118
123
127
132
133
134
140
142
148
150
156
158
84
85
86
89
94
96
100
101
102
110
112
116
117
118
126
128
132
133
134
141
142
149
150
157
158
83
86
87
88
93
97
103
104
105
109
113
119
120
121
125
129
135
136
137
139
145
147
153
155
161
84
86
87
88
96
98
103
104
105
112
114
119
120
121
128
130
135
136
137
143
145
151
153
159
161
82
86
87
88
91
92
103
104
105
107
108
119
120
121
123
124
135
136
137
144
145
152
153
160
161
81
85
89
90
99
100
106
115
116
122
131
132
138
146
154
83
87
88
93
97
103
109
113
119
125
129
135
139
147
155
82
85
86
91
95
101
107
111
117
123
127
133
140
148
156
84
86
89
94
96
102
110
112
118
126
128
134
141
149
157
85
86
89
100
101
102
116
117
118
132
133
134
142
150
158
84
86
88
96
98
104
112
114
120
128
130
136
143
151
159
82
86
87
91
92
105
107
108
121
123
124
137
144
152
160
86
87
88
103
104
105
119
120
121
135
136
137
145
153
161
81
85
89
90
99
100
106
115
116
122
131
132
138
146
154
83
87
88
93
97
103
109
113
119
125
129
135
139
147
155
82
85
86
91
95
101
107
111
117
123
127
133
140
148
156
84
86
89
94
96
102
110
112
118
126
128
134
141
149
157
85
86
89
100
101
102
116
117
118
132
133
134
142
150
158
84
86
88
96
98
104
112
114
120
128
130
136
143
151
159
82
86
87
91
92
105
107
108
121
123
124
137
144
152
160
86
87
88
103
104
105
119
120
121
135
136
137
145
153
161
81
85
89
90
99
100
106
115
116
122
131
132
138
146
154
83
87
88
93
97
103
109
113
119
125
129
135
139
147
155
82
85
86
91
95
101
107
111
117
123
127
133
140
148
156
84
86
89
94
96
102
110
112
118
126
128
134
141
149
157
85
86
89
100
101
102
116
117
118
132
133
134
142
150
158
84
86
88
96
98
104
112
114
120
128
130
136
143
151
159
82
86
87
91
92
105
107
108
121
123
124
137
144
152
160
86
87
88
103
104
105
119
120
121
135
136
137
145
153
161

 0.000000000000
 0.000000000000
 0.000000000000
 0.000000000000
 0.000000000000
 0.000000000000
 0.000000000000
 0.000000000000
 0.000000000000
 0.000000000000
 0.000000000000
 0.000000000000
 0.000000000000
 0.000000000000
 0.000000000000
 0.000000000000
 0.000000000000
 0.000000000000
 0.000000000000
 0.000000000000
 0.000000000000
 0.000000000000
 0.000000000000
 0.000000000000
 0.000000000000
 0.000000000000
 0.000000000000
 0.000000000000
 0.000000000000
 0.000000000000
 0.000000000000
 0.000000000000
 0.000000000000
 0.000000000000
 0.000000000000
 0.000000000000
 0.000000000000
 0.000000000000
 0.000000000000
 0.000000000000
 0.000000000000
 0.000000000000
 0.000000000000
 0.000000000000
 0.000000000000
 0.000000000000
 0.000000000000
 0.000000000000
 0.000000000000
 0.000000000000
 0.000000000000
 0.000000000000
 0.000000000000
 0.000000000000
 0.000000000000
 0.000000000000
 0.000000000000
 0.000000000000
 0.000000000000
 0.000000000000
 0.000000000000
 0.000000000000
 0.000000000000
 0.000000000000
 0.000000000000
 0.000000000000
 0.000000000000
 0.000000000000
 0.000000000000
 0.000000000000
 0.000000000000
 0.000000000000
 0.000000000000
 0.000000000000
 0.000000000000
 0.000000000000
 0.000000000000
 0.000000000000
 0.000000000000
 0.000000000000
 0.000000000000
 0.000000000000
 0.000000000000
 0.000000000000
 0.000000000000
 0.000000000000
 0.000000000000
 0.000000000000
 0.000000000000
 0.000000000000
 0.000000000000
 0.000000000000
 0.000000000000
 0.000000000000
 0.000000000000
 0.000000000000
 0.000000000000
 0.000000000000
 0.000000000000
 0.000000000000
 0.000000000000
 0.000000000000
 0.000000000000
 0.000000000000
 0.000000000000
 0.000000000000
 0.000000000000
 0.000000000000
 0.000000000000
 0.000000000000
 0.000000000000
 0.000000000000
 0.000000000000
 0.000000000000
 0.000000000000
 0.000000000000
 0.000000000000
 0.000000000000
 0.026216682856
 0.000000000000
 0.000000000000
 0.000000000000
 0.000526340124
 0.000000000000
 0.000000000000
 0.000000000000
 0.001246491265
 0.000000000000
 0.004867235409
 0.051325511728
 0.128559505208
 0.004867235409
 0.051325511728
 0.128559505208
-0.001149585757
 0.000000000000
 0.000000000000
 0.000000000000
-0.001149585757
 0.000000000000
 0.000984717567
 0.180420079147
 0.180420079147
 0.000984717567
 0.180420079147
 0.180420079147
 0.001246491265
 0.000000000000
 0.000000000000
 0.000000000000
 0.000526340124
 0.000000000000
 0.004867235409
 0.128559505208
 0.051325511728
 0.004867235409
 0.128559505208
 0.051325511728
 0.001771010315
 0.001771010315
 0.246193429107
 0.001771010315
 0.001771010315
 0.246193429107
-0.002476477687
 0.003894754315
 0.079005003795
-0.002476477687
 0.003894754315
 0.079005003795
 0.003894754315
-0.002476477687
 0.079005003795
 0.003894754315
-0.002476477687
 0.079005003795
 0.000000000000
 0.000000000000
 0.000000000000
 0.000000000000
 0.000000000000
 0.000000000000
 0.000000000000
 0.000000000000
 0.000000000000
 0.000000000000
 0.000000000000
 0.000000000000
 0.000000000000
 0.000000000000
 0.000000000000
 0.000000000000
 0.000000000000
 0.000000000000
 0.000000000000
 0.000000000000
 0.000000000000
 0.000000000000
 0.000000000000
 0.000000000000
 0.000000000000
 0.000000000000
 0.000000000000
 0.000000000000
 0.000000000000
 0.000000000000
 0.000000000000
 0.000000000000
 0.000000000000
 0.000000000000
 0.000000000000
 0.000000000000
 0.000000000000
 0.000000000000
 0.000000000000
 0.000000000000
 0.000000000000
 0.000000000000
 0.000000000000
 0.000000000000
 0.000000000000
 0.000000000000
 0.000000000000
 0.000000000000
 0.000000000000
 0.000000000000
 0.000000000000
 0.000000000000
 0.000000000000
 0.000000000000
 0.000000000000
 0.000000000000
 0.000000000000
 0.000000000000
 0.000000000000
 0.000000000000
 0.000000000000
 0.000000000000
 0.000000000000
 0.000000000000
 0.000000000000
 0.000000000000
 0.000000000000
 0.000000000000
 0.000000000000
 0.000000000000
 0.000000000000
 0.000000000000
 0.000000000000
 0.000000000000
 0.000000000000
 0.000000000000
 0.000000000000
 0.000000000000
 0.000000000000
 0.000000000000
 0.000000000000
 0.000000000000
 0.000000000000
 0.000000000000
 0.000000000000
 0.000000000000
 0.000000000000
 0.000000000000
 0.000000000000
 0.000000000000
 0.000000000000
 0.000000000000
 0.000000000000
 0.000000000000
 0.000000000000
 0.000000000000
 0.000000000000
 0.000000000000
 0.000000000000
 0.000000000000
 0.000000000000
 0.000000000000
 0.000000000000
 0.000000000000
 0.000000000000
 0.000000000000
 0.000000000000
 0.000000000000
 0.000000000000
 0.000000000000
 0.000000000000
 0.000000000000
 0.000000000000
 0.000000000000
 0.000000000000
 0.000000000000
 0.000000000000
 0.000000000000
 0.000000000000
 0.000000000000
 0.000000000000
 0.000000000000
 0.000526340124
 0.000000000000
 0.009162539099
 0.000000000000
 0.000000000000
 0.027650405316
 0.010160687995
-0.002485698231
 0.000000000000
 0.000000000000
 0.025543792379
 0.025543792379
 0.001284798560
 0.000000000000
 0.000000000000
 0.010160687995
 0.027650405316
 0.084068216729
 0.084068216729
 0.053586152745
-0.000558500390
-0.000558500390
 0.053586152745
 0.000000000000
 0.000000000000
 0.000000000000
 0.000000000000
 0.000000000000
 0.000000000000
 0.000000000000
 0.000000000000
 0.000000000000
 0.000000000000
 0.000000000000
 0.000000000000
 0.000000000000
 0.000000000000
 0.000000000000
 0.000000000000
 0.000000000000
 0.000000000000
 0.000000000000
 0.000000000000
 0.000000000000
 0.000000000000
 0.000000000000
 0.000000000000
 0.000000000000
 0.000000000000
 0.000000000000
 0.000000000000
 0.000000000000
 0.000000000000
 0.000000000000
 0.000000000000
 0.000000000000
 0.000000000000
 0.000000000000
 0.000000000000
 0.000000000000
 0.000000000000
 0.000000000000
 0.000000000000
 0.000000000000
 0.000000000000
 0.000000000000
 0.000000000000
 0.000000000000
 0.000000000000
 0.000000000000
 0.000000000000
 0.000000000000
 0.000000000000
 0.000000000000
 0.000000000000
 0.000000000000
 0.000000000000
 0.000000000000
 0.000000000000
 0.000000000000
 0.000000000000
 0.000000000000
 0.000000000000
 0.000000000000
 0.001246491265
 0.000000000000
 0.000000000000
 0.000000000000
 0.009162539099
 0.000000000000
 0.036703881709
 0.072241816743
 0.000000000000
-0.002485698231
 0.000000000000
 0.129115212869
 0.129115212869
 0.000000000000
 0.001284798560
 0.000000000000
 0.072241816743
 0.036703881709
 0.084068216729
 0.084068216729
 0.053586152745
-0.000558500390
-0.000558500390
 0.053586152745
 0.000000000000
 0.000000000000
 0.000000000000
 0.000000000000
 0.000000000000
 0.000000000000
 0.000000000000
 0.000000000000
 0.000000000000
 0.000000000000
 0.000000000000
 0.000000000000
 0.000000000000
 0.000000000000
 0.000000000000
 0.000000000000
 0.000000000000
 0.000000000000
 0.000000000000
 0.000000000000
 0.000000000000
 0.000000000000
 0.000000000000
 0.000000000000
 0.000000000000
 0.000000000000
 0.000000000000
 0.000000000000
 0.000000000000
 0.000000000000
 0.000000000000
 0.000000000000
 0.000000000000
 0.000000000000
 0.000000000000
 0.000000000000
 0.000000000000
 0.000000000000
 0.000000000000
 0.000000000000
 0.000000000000
 0.000000000000
 0.000000000000
 0.000000000000
 0.000000000000
 0.000000000000
 0.000000000000
 0.004867235409
 0.000000000000
 0.000000000000
 0.000000000000
 0.009162539099
 0.010160687995
 0.072241816743
 0.000000000000
 0.000000000000
-0.002485698231
 0.025543792379
 0.129115212869
 0.000000000000
 0.000000000000
 0.001284798560
 0.027650405316
 0.036703881709
 0.084068216729
 0.084068216729
-0.000558500390
 0.053586152745
 0.053586152745
-0.000558500390
 0.000000000000
 0.000000000000
 0.051325511728
 0.000000000000
 0.027650405316
 0.000000000000
 0.010160687995
 2.074771004715
 0.099892222059
 0.004085837251
 0.000000000000
-0.020473237561
 3.907953070383
 0.004791304623
 0.072241816743
 0.000000000000
 0.036703881709
 1.333207197157
 0.020321375989
 2.672281038107
 0.467871834708
 0.467842467170
-0.057025257698
 1.202674902507
 0.352763053605
 0.000000000000
 0.000000000000
 0.128559505208
 0.000000000000
 0.000000000000
 0.036703881709
 0.072241816743
 0.099892222059
 2.074771004715
 0.000000000000
-0.020473237561
 0.004085837251
 0.609509125756
 3.907953070383
 0.000000000000
 0.010160687995
 0.027650405316
 0.812678834341
 1.333207197157
 0.467871834708
 2.672281038107
 0.352763053605
 1.202674902507
-0.057025257698
 0.467842467170
 0.000000000000
 0.004867235409
 0.000000000000
 0.000000000000
 0.000000000000
 0.000000000000
 0.009162539099
 0.010160687995
 0.072241816743
 0.000000000000
 0.000000000000
-0.002485698231
 0.025543792379
 0.129115212869
 0.000000000000
 0.000000000000
 0.001284798560
 0.027650405316
 0.036703881709
 0.084068216729
 0.084068216729
-0.000558500390
 0.053586152745
 0.053586152745
-0.000558500390
 0.000000000000
 0.051325511728
 0.000000000000
 0.000000000000
 0.072241816743
 0.000000000000
 0.010160687995
 2.074771004715
 0.099892222059
 0.004085837251
 0.000000000000
-0.020473237561
 3.907953070383
 0.004791304623
 0.027650405316
 0.000000000000
 0.036703881709
 1.333207197157
 0.020321375989
 2.672281038107
 0.467871834708
 0.467842467170
-0.057025257698
 1.202674902507
 0.352763053605
 0.000000000000
 0.128559505208
 0.000000000000
 0.000000000000
 0.010160687995
 0.000000000000
 0.072241816743
 0.099892222059
 2.074771004715
-0.020473237561
 0.000000000000
 0.004085837251
 0.609509125756
 3.907953070383
 0.036703881709
 0.000000000000
 0.027650405316
 0.812678834341
 1.333207197157
 0.467871834708
 2.672281038107
 0.352763053605
 1.202674902507
-0.057025257698
 0.467842467170
 0.000000000000
 0.000000000000
 0.000000000000
 0.000000000000
 0.000000000000
 0.000000000000
 0.000000000000
 0.000000000000
 0.000000000000
 0.000000000000
 0.000000000000
 0.000000000000
 0.000000000000
 0.000000000000
 0.000000000000
 0.000000000000
 0.000000000000
-0.001149585757
 0.000000000000
-0.002485698231
 0.000000000000
 0.000000000000
 0.004085837251
-0.020473237561
 0.009240003110
 0.000000000000
 0.000000000000
-0.031657832163
-0.031657832163
-0.002485698231
 0.000000000000
 0.000000000000
-0.020473237561
 0.004085837251
 0.074514975020
 0.074514975020
 0.024559074812
 0.024559074812
 0.024559074812
 0.024559074812
 0.000000000000
 0.000000000000
 0.000000000000
 0.000000000000
 0.000000000000
 0.000000000000
 0.000000000000
 0.000000000000
 0.000000000000
 0.000000000000
 0.000000000000
 0.000000000000
 0.000000000000
 0.000000000000
 0.000000000000
 0.000000000000
 0.000000000000
 0.000000000000
 0.000000000000
 0.000000000000
 0.000000000000
 0.000000000000
 0.000000000000
 0.000000000000
 0.000000000000
 0.000000000000
 0.000000000000
 0.000000000000
 0.000000000000
 0.000000000000
 0.000000000000
 0.000000000000
 0.000000000000
 0.000000000000
 0.000000000000
 0.000000000000
 0.000000000000
 0.000000000000
 0.000000000000
 0.000000000000
 0.000000000000
 0.000000000000
 0.000000000000
 0.000000000000
 0.000000000000
 0.000000000000
 0.000000000000
 0.000000000000
 0.000000000000
 0.000000000000
 0.000000000000
 0.000000000000
 0.000000000000
 0.000000000000
 0.000000000000
 0.000000000000
 0.000000000000
 0.000000000000
 0.000000000000
 0.000000000000
 0.000000000000
-0.001149585757
 0.000000000000
 0.000000000000
 0.000000000000
-0.002485698231
 0.000000000000
-0.020473237561
 0.004085837251
 0.000000000000
 0.009240003110
 0.000000000000
-0.031657832163
-0.031657832163
 0.000000000000
-0.002485698231
 0.000000000000
 0.004085837251
-0.020473237561
 0.074514975020
 0.074514975020
 0.024559074812
 0.024559074812
 0.024559074812
 0.024559074812
 0.000000000000
 0.000000000000
 0.000000000000
 0.000000000000
 0.000000000000
 0.000000000000
 0.000000000000
 0.000000000000
 0.000000000000
 0.000000000000
 0.000000000000
 0.000000000000
 0.000000000000
 0.000000000000
 0.000000000000
 0.000000000000
 0.000000000000
 0.000000000000
 0.000000000000
 0.000000000000
 0.000000000000
 0.000000000000
 0.000000000000
 0.000000000000
 0.000000000000
 0.000000000000
 0.000000000000
 0.000000000000
 0.000000000000
 0.000000000000
 0.000000000000
 0.000000000000
 0.000000000000
 0.000000000000
 0.000000000000
 0.000000000000
 0.000000000000
 0.000000000000
 0.000000000000
 0.000000000000
 0.000000000000
 0.000000000000
 0.000000000000
 0.000000000000
 0.000000000000
 0.000000000000
 0.000000000000
 0.000984717567
 0.000000000000
 0.000000000000
 0.000000000000
-0.002485698231
-0.020473237561
 0.004085837251
 0.000000000000
 0.000000000000
 0.009240003110
-0.031657832163
-0.031657832163
 0.000000000000
 0.000000000000
-0.002485698231
 0.004085837251
-0.020473237561
 0.074514975020
 0.074514975020
 0.024559074812
 0.024559074812
 0.024559074812
 0.024559074812
 0.000000000000
 0.000000000000
 0.180420079147
 0.000000000000
 0.025543792379
 0.000000000000
 0.025543792379
 3.907953070383
 0.609509125756
-0.031657832163
 0.000000000000
-0.031657832163
 9.399716193627
 0.011199310695
 0.129115212869
 0.000000000000
 0.129115212869
 3.907953070383
 0.004791304623
 2.896075845825
 2.896075845825
 0.010141109636
 0.010141109636
 1.793871244125
 1.793871244125
 0.000000000000
 0.000000000000
 0.180420079147
 0.000000000000
 0.000000000000
 0.129115212869
 0.129115212869
 0.004791304623
 3.907953070383
 0.000000000000
-0.031657832163
-0.031657832163
 0.011199310695
 9.399716193627
 0.000000000000
 0.025543792379
 0.025543792379
 0.609509125756
 3.907953070383
 2.896075845825
 2.896075845825
 1.793871244125
 1.793871244125
 0.010141109636
 0.010141109636
 0.000000000000
 0.000984717567
 0.000000000000
 0.000000000000
 0.000000000000
 0.000000000000
-0.002485698231
-0.020473237561
 0.004085837251
 0.000000000000
 0.000000000000
 0.009240003110
-0.031657832163
-0.031657832163
 0.000000000000
 0.000000000000
-0.002485698231
 0.004085837251
-0.020473237561
 0.074514975020
 0.074514975020
 0.024559074812
 0.024559074812
 0.024559074812
 0.024559074812
 0.000000000000
 0.180420079147
 0.000000000000
 0.000000000000
 0.129115212869
 0.000000000000
 0.025543792379
 3.907953070383
 0.609509125756
-0.031657832163
 0.000000000000
-0.031657832163
 9.399716193627
 0.011199310695
 0.025543792379
 0.000000000000
 0.129115212869
 3.907953070383
 0.004791304623
 2.896075845825
 2.896075845825
 0.010141109636
 0.010141109636
 1.793871244125
 1.793871244125
 0.000000000000
 0.180420079147
 0.000000000000
 0.000000000000
 0.025543792379
 0.000000000000
 0.129115212869
 0.004791304623
 3.907953070383
-0.031657832163
 0.000000000000
-0.031657832163
 0.011199310695
 9.399716193627
 0.129115212869
 0.000000000000
 0.025543792379
 0.609509125756
 3.907953070383
 2.896075845825
 2.896075845825
 1.793871244125
 1.793871244125
 0.010141109636
 0.010141109636
 0.000000000000
 0.000000000000
 0.000000000000
 0.000000000000
 0.000000000000
 0.000000000000
 0.000000000000
 0.000000000000
 0.000000000000
 0.000000000000
 0.000000000000
 0.000000000000
 0.000000000000
 0.000000000000
 0.000000000000
 0.000000000000
 0.000000000000
 0.001246491265
 0.000000000000
 0.001284798560
 0.000000000000
 0.000000000000
 0.072241816743
 0.036703881709
-0.002485698231
 0.000000000000
 0.000000000000
 0.129115212869
 0.129115212869
 0.009162539099
 0.000000000000
 0.000000000000
 0.036703881709
 0.072241816743
 0.084068216729
 0.084068216729
-0.000558500390
 0.053586152745
 0.053586152745
-0.000558500390
 0.000000000000
 0.000000000000
 0.000000000000
 0.000000000000
 0.000000000000
 0.000000000000
 0.000000000000
 0.000000000000
 0.000000000000
 0.000000000000
 0.000000000000
 0.000000000000
 0.000000000000
 0.000000000000
 0.000000000000
 0.000000000000
 0.000000000000
 0.000000000000
 0.000000000000
 0.000000000000
 0.000000000000
 0.000000000000
 0.000000000000
 0.000000000000
 0.000000000000
 0.000000000000
 0.000000000000
 0.000000000000
 0.000000000000
 0.000000000000
 0.000000000000
 0.000000000000
 0.000000000000
 0.000000000000
 0.000000000000
 0.000000000000
 0.000000000000
 0.000000000000
 0.000000000000
 0.000000000000
 0.000000000000
 0.000000000000
 0.000000000000
 0.000000000000
 0.000000000000
 0.000000000000
 0.000000000000
 0.000000000000
 0.000000000000
 0.000000000000
 0.000000000000
 0.000000000000
 0.000000000000
 0.000000000000
 0.000000000000
 0.000000000000
 0.000000000000
 0.000000000000
 0.000000000000
 0.000000000000
 0.000000000000
 0.000526340124
 0.000000000000
 0.000000000000
 0.000000000000
 0.001284798560
 0.000000000000
 0.010160687995
 0.027650405316
 0.000000000000
-0.002485698231
 0.000000000000
 0.025543792379
 0.025543792379
 0.000000000000
 0.009162539099
 0.000000000000
 0.027650405316
 0.010160687995
 0.084068216729
 0.084068216729
-0.000558500390
 0.053586152745
 0.053586152745
-0.000558500390
 0.000000000000
 0.000000000000
 0.000000000000
 0.000000000000
 0.000000000000
 0.000000000000
 0.000000000000
 0.000000000000
 0.000000000000
 0.000000000000
 0.000000000000
 0.000000000000
 0.000000000000
 0.000000000000
 0.000000000000
 0.000000000000
 0.000000000000
 0.000000000000
 0.000000000000
 0.000000000000
 0.000000000000
 0.000000000000
 0.000000000000
 0.000000000000
 0.000000000000
 0.000000000000
 0.000000000000
 0.000000000000
 0.000000000000
 0.000000000000
 0.000000000000
 0.000000000000
 0.000000000000
 0.000000000000
 0.000000000000
 0.000000000000
 0.000000000000
 0.000000000000
 0.000000000000
 0.000000000000
 0.000000000000
 0.000000000000
 0.000000000000
 0.000000000000
 0.000000000000
 0.000000000000
 0.000000000000
 0.004867235409
 0.000000000000
 0.000000000000
 0.000000000000
 0.001284798560
 0.036703881709
 0.027650405316
 0.000000000000
 0.000000000000
-0.002485698231
 0.129115212869
 0.025543792379
 0.000000000000
 0.000000000000
 0.009162539099
 0.072241816743
 0.010160687995
 0.084068216729
 0.084068216729
 0.053586152745
-0.000558500390
-0.000558500390
 0.053586152745
 0.000000000000
 0.000000000000
 0.128559505208
 0.000000000000
 0.010160687995
 0.000000000000
 0.027650405316
 1.333207197157
 0.812678834341
-0.020473237561
 0.000000000000
 0.004085837251
 3.907953070383
 0.609509125756
 0.036703881709
 0.000000000000
 0.072241816743
 2.074771004715
 0.099892222059
 0.467871834708
 2.672281038107
-0.057025257698
 0.467842467170
 0.352763053605
 1.202674902507
 0.000000000000
 0.000000000000
 0.051325511728
 0.000000000000
 0.000000000000
 0.072241816743
 0.036703881709
 0.020321375989
 1.333207197157
 0.000000000000
 0.004085837251
-0.020473237561
 0.004791304623
 3.907953070383
 0.000000000000
 0.027650405316
 0.010160687995
 0.099892222059
 2.074771004715
 2.672281038107
 0.467871834708
 1.202674902507
 0.352763053605
 0.467842467170
-0.057025257698
 0.000000000000
 0.004867235409
 0.000000000000
 0.000000000000
 0.000000000000
 0.000000000000
 0.001284798560
 0.036703881709
 0.027650405316
 0.000000000000
 0.000000000000
-0.002485698231
 0.129115212869
 0.025543792379
 0.000000000000
 0.000000000000
 0.009162539099
 0.072241816743
 0.010160687995
 0.084068216729
 0.084068216729
 0.053586152745
-0.000558500390
-0.000558500390
 0.053586152745
 0.000000000000
 0.128559505208
 0.000000000000
 0.000000000000
 0.036703881709
 0.000000000000
 0.027650405316
 1.333207197157
 0.812678834341
-0.020473237561
 0.000000000000
 0.004085837251
 3.907953070383
 0.609509125756
 0.010160687995
 0.000000000000
 0.072241816743
 2.074771004715
 0.099892222059
 0.467871834708
 2.672281038107
-0.057025257698
 0.467842467170
 0.352763053605
 1.202674902507
 0.000000000000
 0.051325511728
 0.000000000000
 0.000000000000
 0.027650405316
 0.000000000000
 0.036703881709
 0.020321375989
 1.333207197157
 0.004085837251
 0.000000000000
-0.020473237561
 0.004791304623
 3.907953070383
 0.072241816743
 0.000000000000
 0.010160687995
 0.099892222059
 2.074771004715
 2.672281038107
 0.467871834708
 1.202674902507
 0.352763053605
 0.467842467170
-0.057025257698
 0.000000000000
 0.000000000000
 0.000000000000
 0.000000000000
 0.000000000000
 0.084068216729
 0.000000000000
 0.000000000000
 0.074514975020
 0.000000000000
 0.000000000000
 0.084068216729
 7.134744332723
 2.204409203400
 2.204409203400
 0.000000000000
 0.000000000000
 0.000000000000
 0.000000000000
 0.000000000000
 0.084068216729
 0.000000000000
 0.000000000000
 0.074514975020
 0.000000000000
 0.000000000000
 0.084068216729
 7.134744332723
 2.204409203400
 2.204409203400
 0.000000000000
 0.000000000000
 0.001771010315
 0.084068216729
 0.000000000000
 2.672281038107
 0.074514975020
 0.000000000000
 2.896075845825
 0.084068216729
 0.000000000000
 0.467871834708
 7.134744332723
 2.204409203400
 2.204409203400
 0.000000000000
 0.001771010315
 0.000000000000
 0.000000000000
 0.084068216729
 0.467871834708
 0.000000000000
 0.074514975020
 2.896075845825
 0.000000000000
 0.084068216729
 2.672281038107
 7.134744332723
 2.204409203400
 2.204409203400
 0.000000000000
 0.246193429107
 0.000000000000
 0.084068216729
 0.467871834708
 2.672281038107
 0.074514975020
 2.896075845825
 2.896075845825
 0.084068216729
 2.672281038107
 0.467871834708
 7.134744332723
 2.204409203400
 2.204409203400
 0.000000000000
 0.001771010315
 0.000000000000
 0.084068216729
 0.000000000000
 2.672281038107
 0.074514975020
 0.000000000000
 2.896075845825
 0.084068216729
 0.000000000000
 0.467871834708
 7.134744332723
 2.204409203400
 2.204409203400
 0.000000000000
 0.001771010315
 0.000000000000
 0.084068216729
 0.000000000000
 0.467871834708
 0.074514975020
 0.000000000000
 2.896075845825
 0.084068216729
 0.000000000000
 2.672281038107
 7.134744332723
 2.204409203400
 2.204409203400
 0.246193429107
 0.000000000000
 0.000000000000
 0.084068216729
 0.467871834708
 2.672281038107
 0.074514975020
 2.896075845825
 2.896075845825
 0.084068216729
 2.672281038107
 0.467871834708
 7.134744332723
 2.204409203400
 2.204409203400
 0.000000000000
 0.000000000000
 0.000000000000
 0.000000000000
 0.000000000000
-0.000558500390
 0.000000000000
 0.000000000000
 0.024559074812
 0.000000000000
 0.000000000000
 0.053586152745
 2.204409203400
 1.174955972937
 0.199823600834
 0.000000000000
 0.000000000000
 0.000000000000
 0.000000000000
 0.000000000000
-0.000558500390
 0.000000000000
 0.000000000000
 0.024559074812
 0.000000000000
 0.000000000000
 0.053586152745
 2.204409203400
 1.174955972937
 0.199823600834
 0.000000000000
 0.000000000000
-0.002476477687
 0.053586152745
 0.000000000000
 0.467842467170
 0.024559074812
 0.000000000000
 0.010141109636
-0.000558500390
 0.000000000000
-0.057025257698
 2.204409203400
 1.174955972937
 0.199823600834
 0.000000000000
 0.003894754315
 0.000000000000
 0.000000000000
 0.053586152745
 0.352763053605
 0.000000000000
 0.024559074812
 1.793871244125
 0.000000000000
-0.000558500390
 1.202674902507
 2.204409203400
 1.174955972937
 0.199823600834
 0.000000000000
 0.079005003795
 0.000000000000
 0.053586152745
-0.057025257698
 1.202674902507
 0.024559074812
 0.010141109636
 1.793871244125
-0.000558500390
 0.467842467170
 0.352763053605
 2.204409203400
 1.174955972937
 0.199823600834
 0.000000000000
-0.002476477687
 0.000000000000
-0.000558500390
 0.000000000000
 0.467842467170
 0.024559074812
 0.000000000000
 0.010141109636
 0.053586152745
 0.000000000000
-0.057025257698
 2.204409203400
 1.174955972937
 0.199823600834
 0.000000000000
 0.003894754315
 0.000000000000
-0.000558500390
 0.000000000000
 0.352763053605
 0.024559074812
 0.000000000000
 1.793871244125
 0.053586152745
 0.000000000000
 1.202674902507
 2.204409203400
 1.174955972937
 0.199823600834
 0.079005003795
 0.000000000000
 0.000000000000
 0.053586152745
-0.057025257698
 1.202674902507
 0.024559074812
 0.010141109636
 1.793871244125
-0.000558500390
 0.467842467170
 0.352763053605
 2.204409203400
 1.174955972937
 0.199823600834
 0.000000000000
 0.000000000000
 0.000000000000
 0.000000000000
 0.000000000000
 0.053586152745
 0.000000000000
 0.000000000000
 0.024559074812
 0.000000000000
 0.000000000000
-0.000558500390
 2.204409203400
 0.199823600834
 1.174955972937
 0.000000000000
 0.000000000000
 0.000000000000
 0.000000000000
 0.000000000000
 0.053586152745
 0.000000000000
 0.000000000000
 0.024559074812
 0.000000000000
 0.000000000000
-0.000558500390
 2.204409203400
 0.199823600834
 1.174955972937
 0.000000000000
 0.000000000000
 0.003894754315
-0.000558500390
 0.000000000000
 1.202674902507
 0.024559074812
 0.000000000000
 1.793871244125
 0.053586152745
 0.000000000000
 0.352763053605
 2.204409203400
 0.199823600834
 1.174955972937
 0.000000000000
-0.002476477687
 0.000000000000
 0.000000000000
-0.000558500390
-0.057025257698
 0.000000000000
 0.024559074812
 0.010141109636
 0.000000000000
 0.053586152745
 0.467842467170
 2.204409203400
 0.199823600834
 1.174955972937
 0.000000000000
 0.079005003795
 0.000000000000
-0.000558500390
 0.352763053605
 0.467842467170
 0.024559074812
 1.793871244125
 0.010141109636
 0.053586152745
 1.202674902507
-0.057025257698
 2.204409203400
 0.199823600834
 1.174955972937
 0.000000000000
 0.003894754315
 0.000000000000
 0.053586152745
 0.000000000000
 1.202674902507
 0.024559074812
 0.000000000000
 1.793871244125
-0.000558500390
 0.000000000000
 0.352763053605
 2.204409203400
 0.199823600834
 1.174955972937
 0.000000000000
-0.002476477687
 0.000000000000
 0.053586152745
 0.000000000000
-0.057025257698
 0.024559074812
 0.000000000000
 0.010141109636
-0.000558500390
 0.000000000000
 0.467842467170
 2.204409203400
 0.199823600834
 1.174955972937
 0.079005003795
 0.000000000000
 0.000000000000
-0.000558500390
 0.352763053605
 0.467842467170
 0.024559074812
 1.793871244125
 0.010141109636
 0.053586152745
 1.202674902507
-0.057025257698
 2.204409203400
 0.199823600834
 1.174955972937
 0.000000000000
 0.000000000000
 0.000000000000
 0.000000000000
 0.000000000000
 0.000000000000
 0.000000000000
 0.000000000000
 0.000000000000
 0.000000000000
 0.000000000000
 0.000000000000
 0.000000000000
 0.000000000000
 0.000000000000
 0.000000000000
 0.000000000000
 0.000000000000
 0.000000000000
 0.000000000000
 0.000000000000
 0.000000000000
 0.000000000000
 0.000000000000
 0.000000000000
 0.000000000000
 0.000000000000
 0.000000000000
 0.000000000000
 0.000000000000
 0.000000000000
 0.000000000000
 0.000000000000
 0.000000000000
 0.000000000000
 0.000000000000
 0.000000000000
 0.000000000000
 0.000000000000
 0.000000000000
 0.000000000000
 0.000000000000
 0.000000000000
 0.000000000000
 0.000000000000
 0.000000000000
 0.000000000000
 0.000000000000
 0.000000000000
 0.000000000000
 0.000000000000
 0.000000000000
 0.000000000000
 0.000000000000
 0.000000000000
 0.000000000000
 0.000000000000
 0.000000000000
 0.000000000000
 0.000000000000
 0.000000000000
 0.000000000000
 0.000000000000
 0.000000000000
 0.000000000000
 0.000000000000
 0.000000000000
 0.000000000000
 0.000000000000
 0.000000000000
 0.000000000000
 0.000000000000
 0.000000000000
 0.000000000000
 0.000000000000
 0.000000000000
 0.000000000000
 0.000000000000
 0.000000000000
 0.000000000000
 0.000000000000
 0.000000000000
 0.000000000000
 0.000000000000
 0.000000000000
 0.000000000000
 0.000000000000
 0.000000000000
 0.000000000000
 0.000000000000
 0.000000000000
 0.000000000000
 0.000000000000
 0.000000000000
 0.000000000000
 0.000000000000
 0.000000000000
 0.000000000000
 0.000000000000
 0.000000000000
 0.000000000000
 0.000000000000
 0.000000000000
 0.000000000000
 0.000000000000
 0.000000000000
 0.000000000000
 0.000000000000
 0.000000000000
 0.000000000000
 0.000000000000
 0.000000000000
 0.000000000000
 0.000000000000
 0.000000000000
 0.000000000000
 0.000000000000
 0.000000000000
 0.026216682856
 0.000000000000
 0.000000000000
 0.000000000000
 0.000526340124
 0.000000000000
 0.000000000000
 0.000000000000
 0.001246491265
 0.000000000000
 0.004867235409
 0.051325511728
 0.128559505208
 0.004867235409
 0.051325511728
 0.128559505208
-0.001149585757
 0.000000000000
 0.000000000000
 0.000000000000
-0.001149585757
 0.000000000000
 0.000984717567
 0.180420079147
 0.180420079147
 0.000984717567
 0.180420079147
 0.180420079147
 0.001246491265
 0.000000000000
 0.000000000000
 0.000000000000
 0.000526340124
 0.000000000000
 0.004867235409
 0.128559505208
 0.051325511728
 0.004867235409
 0.128559505208
 0.051325511728
 0.001771010315
 0.001771010315
 0.246193429107
 0.001771010315
 0.001771010315
 0.246193429107
-0.002476477687
 0.003894754315
 0.079005003795
-0.002476477687
 0.003894754315
 0.079005003795
 0.003894754315
-0.002476477687
 0.079005003795
 0.003894754315
-0.002476477687
 0.079005003795
 0.000000000000
 0.000000000000
 0.000000000000
 0.000000000000
 0.000000000000
 0.000000000000
 0.000000000000
 0.000000000000
 0.000000000000
 0.000000000000
 0.000000000000
 0.000000000000
 0.000000000000
 0.000000000000
 0.000000000000
 0.000000000000
 0.000000000000
 0.000000000000
 0.000000000000
 0.000000000000
 0.000000000000
 0.000000000000
 0.000000000000
 0.000000000000
 0.000000000000
 0.000000000000
 0.000000000000
 0.000000000000
 0.000000000000
 0.000000000000
 0.000000000000
 0.000000000000
 0.000000000000
 0.000000000000
 0.000000000000
 0.000000000000
 0.000000000000
 0.000000000000
 0.000000000000
 0.000000000000
 0.000000000000
 0.000000000000
 0.000000000000
 0.000000000000
 0.000000000000
 0.000000000000
 0.000000000000
 0.000000000000
 0.000000000000
 0.000000000000
 0.000000000000
 0.000000000000
 0.000000000000
 0.000000000000
 0.000000000000
 0.000000000000
 0.000000000000
 0.000000000000
 0.000000000000
 0.000000000000
 0.000000000000
 0.000000000000
 0.000000000000
 0.000000000000
 0.000000000000
 0.000000000000
 0.000000000000
 0.000000000000
 0.000000000000
 0.000000000000
 0.000000000000
 0.000000000000
 0.000000000000
 0.000000000000
 0.000000000000
 0.000000000000
 0.000000000000
 0.000000000000
 0.000000000000
 0.000000000000
 0.000000000000
 0.000000000000
 0.000000000000
 0.000000000000
 0.000000000000
 0.000000000000
 0.000000000000
 0.000000000000
 0.000000000000
 0.000000000000
 0.000000000000
 0.000000000000
 0.000000000000
 0.000000000000
 0.000000000000
 0.000000000000
 0.000000000000
 0.000000000000
 0.000000000000
 0.000000000000
 0.000000000000
 0.000000000000
 0.000000000000
 0.000000000000
 0.000000000000
 0.000000000000
 0.000000000000
 0.000000000000
 0.000000000000
 0.000000000000
 0.000000000000
 0.000000000000
 0.000000000000
 0.000000000000
 0.000000000000
 0.000000000000
 0.000000000000
 0.000000000000
 0.000000000000
 0.000000000000
 0.000000000000
 0.000000000000
 0.000526340124
 0.000000000000
 0.009162539099
 0.000000000000
 0.000000000000
 0.027650405316
 0.010160687995
-0.002485698231
 0.000000000000
 0.000000000000
 0.025543792379
 0.025543792379
 0.001284798560
 0.000000000000
 0.000000000000
 0.010160687995
 0.027650405316
 0.084068216729
 0.084068216729
 0.053586152745
-0.000558500390
-0.000558500390
 0.053586152745
 0.000000000000
 0.000000000000
 0.000000000000
 0.000000000000
 0.000000000000
 0.000000000000
 0.000000000000
 0.000000000000
 0.000000000000
 0.000000000000
 0.000000000000
 0.000000000000
 0.000000000000
 0.000000000000
 0.000000000000
 0.000000000000
 0.000000000000
 0.000000000000
 0.000000000000
 0.000000000000
 0.000000000000
 0.000000000000
 0.000000000000
 0.000000000000
 0.000000000000
 0.000000000000
 0.000000000000
 0.000000000000
 0.000000000000
 0.000000000000
 0.000000000000
 0.000000000000
 0.000000000000
 0.000000000000
 0.000000000000
 0.000000000000
 0.000000000000
 0.000000000000
 0.000000000000
 0.000000000000
 0.000000000000
 0.000000000000
 0.000000000000
 0.000000000000
 0.000000000000
 0.000000000000
 0.000000000000
 0.000000000000
 0.000000000000
 0.000000000000
 0.000000000000
 0.000000000000
 0.000000000000
 0.000000000000
 0.000000000000
 0.000000000000
 0.000000000000
 0.000000000000
 0.000000000000
 0.000000000000
 0.000000000000
 0.001246491265
 0.000000000000
 0.000000000000
 0.000000000000
 0.009162539099
 0.000000000000
 0.036703881709
 0.072241816743
 0.000000000000
-0.002485698231
 0.000000000000
 0.129115212869
 0.129115212869
 0.000000000000
 0.001284798560
 0.000000000000
 0.072241816743
 0.036703881709
 0.084068216729
 0.084068216729
 0.053586152745
-0.000558500390
-0.000558500390
 0.053586152745
 0.000000000000
 0.000000000000
 0.000000000000
 0.000000000000
 0.000000000000
 0.000000000000
 0.000000000000
 0.000000000000
 0.000000000000
 0.000000000000
 0.000000000000
 0.000000000000
 0.000000000000
 0.000000000000
 0.000000000000
 0.000000000000
 0.000000000000
 0.000000000000
 0.000000000000
 0.000000000000
 0.000000000000
 0.000000000000
 0.000000000000
 0.000000000000
 0.000000000000
 0.000000000000
 0.000000000000
 0.000000000000
 0.000000000000
 0.000000000000
 0.000000000000
 0.000000000000
 0.000000000000
 0.000000000000
 0.000000000000
 0.000000000000
 0.000000000000
 0.000000000000
 0.000000000000
 0.000000000000
 0.000000000000
 0.000000000000
 0.000000000000
 0.000000000000
 0.000000000000
 0.000000000000
 0.000000000000
 0.004867235409
 0.000000000000
 0.000000000000
 0.000000000000
 0.009162539099
 0.010160687995
 0.072241816743
 0.000000000000
 0.000000000000
-0.002485698231
 0.025543792379
 0.129115212869
 0.000000000000
 0.000000000000
 0.001284798560
 0.027650405316
 0.036703881709
 0.084068216729
 0.084068216729
-0.000558500390
 0.053586152745
 0.053586152745
-0.000558500390
 0.000000000000
 0.000000000000
 0.051325511728
 0.000000000000
 0.027650405316
 0.000000000000
 0.010160687995
 2.074771004715
 0.099892222059
 0.004085837251
 0.000000000000
-0.020473237561
 3.907953070383
 0.004791304623
 0.072241816743
 0.000000000000
 0.036703881709
 1.333207197157
 0.020321375989
 2.672281038107
 0.467871834708
 0.467842467170
-0.057025257698
 1.202674902507
 0.352763053605
 0.000000000000
 0.000000000000
 0.128559505208
 0.000000000000
 0.000000000000
 0.036703881709
 0.072241816743
 0.099892222059
 2.074771004715
 0.000000000000
-0.020473237561
 0.004085837251
 0.609509125756
 3.907953070383
 0.000000000000
 0.010160687995
 0.027650405316
 0.812678834341
 1.333207197157
 0.467871834708
 2.672281038107
 0.352763053605
 1.202674902507
-0.057025257698
 0.467842467170
 0.000000000000
 0.004867235409
 0.000000000000
 0.000000000000
 0.000000000000
 0.000000000000
 0.009162539099
 0.010160687995
 0.072241816743
 0.000000000000
 0.000000000000
-0.002485698231
 0.025543792379
 0.129115212869
 0.000000000000
 0.000000000000
 0.001284798560
 0.027650405316
 0.036703881709
 0.084068216729
 0.084068216729
-0.000558500390
 0.053586152745
 0.053586152745
-0.000558500390
 0.000000000000
 0.051325511728
 0.000000000000
 0.000000000000
 0.072241816743
 0.000000000000
 0.010160687995
 2.074771004715
 0.099892222059
 0.004085837251
 0.000000000000
-0.020473237561
 3.907953070383
 0.004791304623
 0.027650405316
 0.000000000000
 0.036703881709
 1.333207197157
 0.020321375989
 2.672281038107
 0.467871834708
 0.467842467170
-0.057025257698
 1.202674902507
 0.352763053605
 0.000000000000
 0.128559505208
 0.000000000000
 0.000000000000
 0.010160687995
 0.000000000000
 0.072241816743
 0.099892222059
 2.074771004715
-0.020473237561
 0.000000000000
 0.004085837251
 0.609509125756
 3.907953070383
 0.036703881709
 0.000000000000
 0.027650405316
 0.812678834341
 1.333207197157
 0.467871834708
 2.672281038107
 0.352763053605
 1.202674902507
-0.057025257698
 0.467842467170
 0.000000000000
 0.000000000000
 0.000000000000
 0.000000000000
 0.000000000000
 0.000000000000
 0.000000000000
 0.000000000000
 0.000000000000
 0.000000000000
 0.000000000000
 0.000000000000
 0.000000000000
 0.000000000000
 0.000000000000
 0.000000000000
 0.000000000000
-0.001149585757
 0.000000000000
-0.002485698231
 0.000000000000
 0.000000000000
 0.004085837251
-0.020473237561
 0.009240003110
 0.000000000000
 0.000000000000
-0.031657832163
-0.031657832163
-0.002485698231
 0.000000000000
 0.000000000000
-0.020473237561
 0.004085837251
 0.074514975020
 0.074514975020
 0.024559074812
 0.024559074812
 0.024559074812
 0.024559074812
 0.000000000000
 0.000000000000
 0.000000000000
 0.000000000000
 0.000000000000
 0.000000000000
 0.000000000000
 0.000000000000
 0.000000000000
 0.000000000000
 0.000000000000
 0.000000000000
 0.000000000000
 0.000000000000
 0.000000000000
 0.000000000000
 0.000000000000
 0.000000000000
 0.000000000000
 0.000000000000
 0.000000000000
 0.000000000000
 0.000000000000
 0.000000000000
 0.000000000000
 0.000000000000
 0.000000000000
 0.000000000000
 0.000000000000
 0.000000000000
 0.000000000000
 0.000000000000
 0.000000000000
 0.000000000000
 0.000000000000
 0.000000000000
 0.000000000000
 0.000000000000
 0.000000000000
 0.000000000000
 0.000000000000
 0.000000000000
 0.000000000000
 0.000000000000
 0.000000000000
 0.000000000000
 0.000000000000
 0.000000000000
 0.000000000000
 0.000000000000
 0.000000000000
 0.000000000000
 0.000000000000
 0.000000000000
 0.000000000000
 0.000000000000
 0.000000000000
 0.000000000000
 0.000000000000
 0.000000000000
 0.000000000000
-0.001149585757
 0.000000000000
 0.000000000000
 0.000000000000
-0.002485698231
 0.000000000000
-0.020473237561
 0.004085837251
 0.000000000000
 0.009240003110
 0.000000000000
-0.031657832163
-0.031657832163
 0.000000000000
-0.002485698231
 0.000000000000
 0.004085837251
-0.020473237561
 0.074514975020
 0.074514975020
 0.024559074812
 0.024559074812
 0.024559074812
 0.024559074812
 0.000000000000
 0.000000000000
 0.000000000000
 0.000000000000
 0.000000000000
 0.000000000000
 0.000000000000
 0.000000000000
 0.000000000000
 0.000000000000
 0.000000000000
 0.000000000000
 0.000000000000
 0.000000000000
 0.000000000000
 0.000000000000
 0.000000000000
 0.000000000000
 0.000000000000
 0.000000000000
 0.000000000000
 0.000000000000
 0.000000000000
 0.000000000000
 0.000000000000
 0.000000000000
 0.000000000000
 0.000000000000
 0.000000000000
 0.000000000000
 0.000000000000
 0.000000000000
 0.000000000000
 0.000000000000
 0.000000000000
 0.000000000000
 0.000000000000
 0.000000000000
 0.000000000000
 0.000000000000
 0.000000000000
 0.000000000000
 0.000000000000
 0.000000000000
 0.000000000000
 0.000000000000
 0.000000000000
 0.000984717567
 0.000000000000
 0.000000000000
 0.000000000000
-0.002485698231
-0.020473237561
 0.004085837251
 0.000000000000
 0.000000000000
 0.009240003110
-0.031657832163
-0.031657832163
 0.000000000000
 0.000000000000
-0.002485698231
 0.004085837251
-0.020473237561
 0.074514975020
 0.074514975020
 0.024559074812
 0.024559074812
 0.024559074812
 0.024559074812
 0.000000000000
 0.000000000000
 0.180420079147
 0.000000000000
 0.025543792379
 0.000000000000
 0.025543792379
 3.907953070383
 0.609509125756
-0.031657832163
 0.000000000000
-0.031657832163
 9.399716193627
 0.011199310695
 0.129115212869
 0.000000000000
 0.129115212869
 3.907953070383
 0.004791304623
 2.896075845825
 2.896075845825
 0.010141109636
 0.010141109636
 1.793871244125
 1.793871244125
 0.000000000000
 0.000000000000
 0.180420079147
 0.000000000000
 0.000000000000
 0.129115212869
 0.129115212869
 0.004791304623
 3.907953070383
 0.000000000000
-0.031657832163
-0.031657832163
 0.011199310695
 9.399716193627
 0.000000000000
 0.025543792379
 0.025543792379
 0.609509125756
 3.907953070383
 2.896075845825
 2.896075845825
 1.793871244125
 1.793871244125
 0.010141109636
 0.010141109636
 0.000000000000
 0.000984717567
 0.000000000000
 0.000000000000
 0.000000000000
 0.000000000000
-0.002485698231
-0.020473237561
 0.004085837251
 0.000000000000
 0.000000000000
 0.009240003110
-0.031657832163
-0.031657832163
 0.000000000000
 0.000000000000
-0.002485698231
 0.004085837251
-0.020473237561
 0.074514975020
 0.074514975020
 0.024559074812
 0.024559074812
 0.024559074812
 0.024559074812
 0.000000000000
 0.180420079147
 0.000000000000
 0.000000000000
 0.129115212869
 0.000000000000
 0.025543792379
 3.907953070383
 0.609509125756
-0.031657832163
 0.000000000000
-0.031657832163
 9.399716193627
 0.011199310695
 0.025543792379
 0.000000000000
 0.129115212869
 3.907953070383
 0.004791304623
 2.896075845825
 2.896075845825
 0.010141109636
 0.010141109636
 1.793871244125
 1.793871244125
 0.000000000000
 0.180420079147
 0.000000000000
 0.000000000000
 0.025543792379
 0.000000000000
 0.129115212869
 0.004791304623
 3.907953070383
-0.031657832163
 0.000000000000
-0.031657832163
 0.011199310695
 9.399716193627
 0.129115212869
 0.000000000000
 0.025543792379
 0.609509125756
 3.907953070383
 2.896075845825
 2.896075845825
 1.793871244125
 1.793871244125
 0.010141109636
 0.010141109636
 0.000000000000
 0.000000000000
 0.000000000000
 0.000000000000
 0.000000000000
 0.000000000000
 0.000000000000
 0.000000000000
 0.000000000000
 0.000000000000
 0.000000000000
 0.000000000000
 0.000000000000
 0.000000000000
 0.000000000000
 0.000000000000
 0.000000000000
 0.001246491265
 0.000000000000
 0.001284798560
 0.000000000000
 0.000000000000
 0.072241816743
 0.036703881709
-0.002485698231
 0.000000000000
 0.000000000000
 0.129115212869
 0.129115212869
 0.009162539099
 0.000000000000
 0.000000000000
 0.036703881709
 0.072241816743
 0.084068216729
 0.084068216729
-0.000558500390
 0.053586152745
 0.053586152745
-0.000558500390
 0.000000000000
 0.000000000000
 0.000000000000
 0.000000000000
 0.000000000000
 0.000000000000
 0.000000000000
 0.000000000000
 0.000000000000
 0.000000000000
 0.000000000000
 0.000000000000
 0.000000000000
 0.000000000000
 0.000000000000
 0.000000000000
 0.000000000000
 0.000000000000
 0.000000000000
 0.000000000000
 0.000000000000
 0.000000000000
 0.000000000000
 0.000000000000
 0.000000000000
 0.000000000000
 0.000000000000
 0.000000000000
 0.000000000000
 0.000000000000
 0.000000000000
 0.000000000000
 0.000000000000
 0.000000000000
 0.000000000000
 0.000000000000
 0.000000000000
 0.000000000000
 0.000000000000
 0.000000000000
 0.000000000000
 0.000000000000
 0.000000000000
 0.000000000000
 0.000000000000
 0.000000000000
 0.000000000000
 0.000000000000
 0.000000000000
 0.000000000000
 0.000000000000
 0.000000000000
 0.000000000000
 0.000000000000
 0.000000000000
 0.000000000000
 0.000000000000
 0.000000000000
 0.000000000000
 0.000000000000
 0.000000000000
 0.000526340124
 0.000000000000
 0.000000000000
 0.000000000000
 0.001284798560
 0.000000000000
 0.010160687995
 0.027650405316
 0.000000000000
-0.002485698231
 0.000000000000
 0.025543792379
 0.025543792379
 0.000000000000
 0.009162539099
 0.000000000000
 0.027650405316
 0.010160687995
 0.084068216729
 0.084068216729
-0.000558500390
 0.053586152745
 0.053586152745
-0.000558500390
 0.000000000000
 0.000000000000
 0.000000000000
 0.000000000000
 0.000000000000
 0.000000000000
 0.000000000000
 0.000000000000
 0.000000000000
 0.000000000000
 0.000000000000
 0.000000000000
 0.000000000000
 0.000000000000
 0.000000000000
 0.000000000000
 0.000000000000
 0.000000000000
 0.000000000000
 0.000000000000
 0.000000000000
 0.000000000000
 0.000000000000
 0.000000000000
 0.000000000000
 0.000000000000
 0.000000000000
 0.000000000000
 0.000000000000
 0.000000000000
 0.000000000000
 0.000000000000
 0.000000000000
 0.000000000000
 0.000000000000
 0.000000000000
 0.000000000000
 0.000000000000
 0.000000000000
 0.000000000000
 0.000000000000
 0.000000000000
 0.000000000000
 0.000000000000
 0.000000000000
 0.000000000000
 0.000000000000
 0.004867235409
 0.000000000000
 0.000000000000
 0.000000000000
 0.001284798560
 0.036703881709
 0.027650405316
 0.000000000000
 0.000000000000
-0.002485698231
 0.129115212869
 0.025543792379
 0.000000000000
 0.000000000000
 0.009162539099
 0.072241816743
 0.010160687995
 0.084068216729
 0.084068216729
 0.053586152745
-0.000558500390
-0.000558500390
 0.053586152745
 0.000000000000
 0.000000000000
 0.128559505208
 0.000000000000
 0.010160687995
 0.000000000000
 0.027650405316
 1.333207197157
 0.812678834341
-0.020473237561
 0.000000000000
 0.004085837251
 3.907953070383
 0.609509125756
 0.036703881709
 0.000000000000
 0.072241816743
 2.074771004715
 0.099892222059
 0.467871834708
 2.672281038107
-0.057025257698
 0.467842467170
 0.352763053605
 1.202674902507
 0.000000000000
 0.000000000000
 0.051325511728
 0.000000000000
 0.000000000000
 0.072241816743
 0.036703881709
 0.020321375989
 1.333207197157
 0.000000000000
 0.004085837251
-0.020473237561
 0.004791304623
 3.907953070383
 0.000000000000
 0.027650405316
 0.010160687995
 0.099892222059
 2.074771004715
 2.672281038107
 0.467871834708
 1.202674902507
 0.352763053605
 0.467842467170
-0.057025257698
 0.000000000000
 0.004867235409
 0.000000000000
 0.000000000000
 0.000000000000
 0.000000000000
 0.001284798560
 0.036703881709
 0.027650405316
 0.000000000000
 0.000000000000
-0.002485698231
 0.129115212869
 0.025543792379
 0.000000000000
 0.000000000000
 0.009162539099
 0.072241816743
 0.010160687995
 0.084068216729
 0.084068216729
 0.053586152745
-0.000558500390
-0.000558500390
 0.053586152745
 0.000000000000
 0.128559505208
 0.000000000000
 0.000000000000
 0.036703881709
 0.000000000000
 0.027650405316
 1.333207197157
 0.812678834341
-0.020473237561
 0.000000000000
 0.004085837251
 3.907953070383
 0.609509125756
 0.010160687995
 0.000000000000
 0.072241816743
 2.074771004715
 0.099892222059
 0.467871834708
 2.672281038107
-0.057025257698
 0.467842467170
 0.352763053605
 1.202674902507
 0.000000000000
 0.051325511728
 0.000000000000
 0.000000000000
 0.027650405316
 0.000000000000
 0.036703881709
 0.020321375989
 1.333207197157
 0.004085837251
 0.000000000000
-0.020473237561
 0.004791304623
 3.907953070383
 0.072241816743
 0.000000000000
 0.010160687995
 0.099892222059
 2.074771004715
 2.672281038107
 0.467871834708
 1.202674902507
 0.352763053605
 0.467842467170
-0.057025257698
 0.000000000000
 0.000000000000
 0.000000000000
 0.000000000000
 0.000000000000
 0.084068216729
 0.000000000000
 0.000000000000
 0.074514975020
 0.000000000000
 0.000000000000
 0.084068216729
 7.134744332723
 2.204409203400
 2.204409203400
 0.000000000000
 0.000000000000
 0.000000000000
 0.000000000000
 0.000000000000
 0.084068216729
 0.000000000000
 0.000000000000
 0.074514975020
 0.000000000000
 0.000000000000
 0.084068216729
 7.134744332723
 2.204409203400
 2.204409203400
 0.000000000000
 0.000000000000
 0.001771010315
 0.084068216729
 0.000000000000
 2.672281038107
 0.074514975020
 0.000000000000
 2.896075845825
 0.084068216729
 0.000000000000
 0.467871834708
 7.134744332723
 2.204409203400
 2.204409203400
 0.000000000000
 0.001771010315
 0.000000000000
 0.000000000000
 0.084068216729
 0.467871834708
 0.000000000000
 0.074514975020
 2.896075845825
 0.000000000000
 0.084068216729
 2.672281038107
 7.134744332723
 2.204409203400
 2.204409203400
 0.000000000000
 0.246193429107
 0.000000000000
 0.084068216729
 0.467871834708
 2.672281038107
 0.074514975020
 2.896075845825
 2.896075845825
 0.084068216729
 2.672281038107
 0.467871834708
 7.134744332723
 2.204409203400
 2.204409203400
 0.000000000000
 0.001771010315
 0.000000000000
 0.084068216729
 0.000000000000
 2.672281038107
 0.074514975020
 0.000000000000
 2.896075845825
 0.084068216729
 0.000000000000
 0.467871834708
 7.134744332723
 2.204409203400
 2.204409203400
 0.000000000000
 0.001771010315
 0.000000000000
 0.084068216729
 0.000000000000
 0.467871834708
 0.074514975020
 0.000000000000
 2.896075845825
 0.084068216729
 0.000000000000
 2.672281038107
 7.134744332723
 2.204409203400
 2.204409203400
 0.246193429107
 0.000000000000
 0.000000000000
 0.084068216729
 0.467871834708
 2.672281038107
 0.074514975020
 2.896075845825
 2.896075845825
 0.084068216729
 2.672281038107
 0.467871834708
 7.134744332723
 2.204409203400
 2.204409203400
 0.000000000000
 0.000000000000
 0.000000000000
 0.000000000000
 0.000000000000
-0.000558500390
 0.000000000000
 0.000000000000
 0.024559074812
 0.000000000000
 0.000000000000
 0.053586152745
 2.204409203400
 1.174955972937
 0.199823600834
 0.000000000000
 0.000000000000
 0.000000000000
 0.000000000000
 0.000000000000
-0.000558500390
 0.000000000000
 0.000000000000
 0.024559074812
 0.000000000000
 0.000000000000
 0.053586152745
 2.204409203400
 1.174955972937
 0.199823600834
 0.000000000000
 0.000000000000
-0.002476477687
 0.053586152745
 0.000000000000
 0.467842467170
 0.024559074812
 0.000000000000
 0.010141109636
-0.000558500390
 0.000000000000
-0.057025257698
 2.204409203400
 1.174955972937
 0.199823600834
 0.000000000000
 0.003894754315
 0.000000000000
 0.000000000000
 0.053586152745
 0.352763053605
 0.000000000000
 0.024559074812
 1.793871244125
 0.000000000000
-0.000558500390
 1.202674902507
 2.204409203400
 1.174955972937
 0.199823600834
 0.000000000000
 0.079005003795
 0.000000000000
 0.053586152745
-0.057025257698
 1.202674902507
 0.024559074812
 0.010141109636
 1.793871244125
-0.000558500390
 0.467842467170
 0.352763053605
 2.204409203400
 1.174955972937
 0.199823600834
 0.000000000000
-0.002476477687
 0.000000000000
-0.000558500390
 0.000000000000
 0.467842467170
 0.024559074812
 0.000000000000
 0.010141109636
 0.053586152745
 0.000000000000
-0.057025257698
 2.204409203400
 1.174955972937
 0.199823600834
 0.000000000000
 0.003894754315
 0.000000000000
-0.000558500390
 0.000000000000
 0.352763053605
 0.024559074812
 0.000000000000
 1.793871244125
 0.053586152745
 0.000000000000
 1.202674902507
 2.204409203400
 1.174955972937
 0.199823600834
 0.079005003795
 0.000000000000
 0.000000000000
 0.053586152745
-0.057025257698
 1.202674902507
 0.024559074812
 0.010141109636
 1.793871244125
-0.000558500390
 0.467842467170
 0.352763053605
 2.204409203400
 1.174955972937
 0.199823600834
 0.000000000000
 0.000000000000
 0.000000000000
 0.000000000000
 0.000000000000
 0.053586152745
 0.000000000000
 0.000000000000
 0.024559074812
 0.000000000000
 0.000000000000
-0.000558500390
 2.204409203400
 0.199823600834
 1.174955972937
 0.000000000000
 0.000000000000
 0.000000000000
 0.000000000000
 0.000000000000
 0.053586152745
 0.000000000000
 0.000000000000
 0.024559074812
 0.000000000000
 0.000000000000
-0.000558500390
 2.204409203400
 0.199823600834
 1.174955972937
 0.000000000000
 0.000000000000
 0.003894754315
-0.000558500390
 0.000000000000
 1.202674902507
 0.024559074812
 0.000000000000
 1.793871244125
 0.053586152745
 0.000000000000
 0.352763053605
 2.204409203400
 0.199823600834
 1.174955972937
 0.000000000000
-0.002476477687
 0.000000000000
 0.000000000000
-0.000558500390
-0.057025257698
 0.000000000000
 0.024559074812
 0.010141109636
 0.000000000000
 0.053586152745
 0.467842467170
 2.204409203400
 0.199823600834
 1.174955972937
 0.000000000000
 0.079005003795
 0.000000000000
-0.000558500390
 0.352763053605
 0.467842467170
 0.024559074812
 1.793871244125
 0.010141109636
 0.053586152745
 1.202674902507
-0.057025257698
 2.204409203400
 0.199823600834
 1.174955972937
 0.000000000000
 0.003894754315
 0.000000000000
 0.053586152745
 0.000000000000
 1.202674902507
 0.024559074812
 0.000000000000
 1.793871244125
-0.000558500390
 0.000000000000
 0.352763053605
 2.204409203400
 0.199823600834
 1.174955972937
 0.000000000000
-0.002476477687
 0.000000000000
 0.053586152745
 0.000000000000
-0.057025257698
 0.024559074812
 0.000000000000
 0.010141109636
-0.000558500390
 0.000000000000
 0.467842467170
 2.204409203400
 0.199823600834
 1.174955972937
 0.079005003795
 0.000000000000
 0.000000000000
-0.000558500390
 0.352763053605
 0.467842467170
 0.024559074812
 1.793871244125
 0.010141109636
 0.053586152745
 1.202674902507
-0.057025257698
 2.204409203400
 0.199823600834
 1.174955972937
